lr0: 0.00875
lrf: 0.08985
momentum: 0.91272
weight_decay: 0.00055
warmup_epochs: 2.52541
warmup_momentum: 0.6529
warmup_bias_lr: 0.08815
box: 0.05849
cls: 0.40969
cls_pw: 1.0656
obj: 0.74008
obj_pw: 0.90941
iou_t: 0.2
anchor_t: 3.82558
fl_gamma: 0.0
hsv_h: 0.01438
hsv_s: 0.83901
hsv_v: 0.32039
degrees: 0.0
translate: 0.08288
scale: 0.45376
shear: 0.0
perspective: 0.0
flipud: 0.1
fliplr: 0.5
mosaic: 0.75876
mixup: 0.0
copy_paste: 0.0
anchors: 3.15287
